<?xml version="1.0"?>                 
<opencv_storage>
<images>
images/IMG_20170124_084812.jpg
images/IMG_20170124_084011.jpg
images/IMG_20170128_120626.jpg
images/IMG_20170124_084134.jpg
images/IMG_20170128_120855.jpg
images/IMG_20170128_120310.jpg
images/IMG_20170128_120442.jpg
images/IMG_20170128_120428.jpg
images/IMG_20170124_084033.jpg
images/IMG_20170124_084646.jpg
images/IMG_20170124_084737.jpg
images/IMG_20170128_120245.jpg
images/IMG_20170124_084047.jpg
images/IMG_20170124_084807.jpg
images/IMG_20170124_084539.jpg
</images>
</opencv_storage>