<?xml version="1.0"?>
<opencv_storage>
<calibration_Time>"Sat Jan 28 23:18:39 2017"</calibration_Time>
<nrOfFrames>14</nrOfFrames>
<image_Width>2368</image_Width>
<image_Height>4208</image_Height>
<board_Width>6</board_Width>
<board_Height>8</board_Height>
<square_Size>50.</square_Size>
<FixAspectRatio>1.</FixAspectRatio>
<flagValue>6</flagValue>
<Camera_Matrix type_id="opencv-matrix">
  <rows>3</rows>
  <cols>3</cols>
  <dt>d</dt>
  <data>
    3.9000314545363822e+03 0. 1.1835000000000000e+03 0.
    3.9000314545363822e+03 2.1035000000000000e+03 0. 0. 1.</data></Camera_Matrix>
<Distortion_Coefficients type_id="opencv-matrix">
  <rows>5</rows>
  <cols>1</cols>
  <dt>d</dt>
  <data>
    -9.6605689826873963e-03 1.0952654550929819e+00
    -8.2076833480405845e-03 -1.5738797869173143e-03
    -1.6440119504586570e+00</data></Distortion_Coefficients>
<Avg_Reprojection_Error>3.3169264313038700e+00</Avg_Reprojection_Error>
<Per_View_Reprojection_Errors type_id="opencv-matrix">
  <rows>14</rows>
  <cols>1</cols>
  <dt>f</dt>
  <data>
    2.96180272e+00 4.53688717e+00 1.68633974e+00 5.52433825e+00
    1.74976540e+00 5.59580612e+00 1.10590231e+00 1.91773915e+00
    2.20602036e+00 1.92029428e+00 2.02170348e+00 2.12551618e+00
    1.01992249e+00 5.81682682e+00</data></Per_View_Reprojection_Errors>
<Extrinsic_Parameters type_id="opencv-matrix">
  <rows>14</rows>
  <cols>6</cols>
  <dt>d</dt>
  <data>
    -1.0685327628194985e+00 3.8570061872224337e-01
    6.2810021036800046e-01 1.7562505683715986e+02
    -1.7162423470964831e+02 2.3531322587448940e+03
    -4.6455761543063900e-01 -3.8930789549675821e-01
    -1.4203597421735914e+00 -3.1719972193746105e+02
    2.5475362569601106e+01 2.3817555339619871e+03 5.7473657217697549e-01
    -7.4937733412046903e-01 -1.3509693599319330e+00
    -8.6318571769144086e+01 1.3489940873017591e+02
    8.3953505863078567e+02 1.7857213034020394e-02
    -3.1257972006201201e-01 -3.5215131654169812e-02
    -3.5642003431314521e+02 -1.3838856657276759e+02
    2.1268237272021206e+03 -4.6135424879018845e-02
    -5.3624075956741186e-02 -4.6086751874931595e-03
    -8.1838572349600724e+01 -1.2739194410020011e+02
    8.6318435145677597e+02 -2.6365382779961433e-01
    1.9527041753989123e-02 -3.8432395079798837e-01
    -2.9589050561570673e+01 -2.0187910354228706e+02
    1.6565700328165760e+03 -6.5440084503782123e-02
    1.2553448347873608e-01 1.5634344236874378e+00 2.1741948510680621e+02
    -1.5662979749769065e+02 1.4046799188740883e+03
    -1.0022374898538120e+00 -6.1582249939386768e-01
    -8.4142873629618686e-01 -2.2986874891322233e+02
    6.6993175468706823e+01 9.9985921982059494e+02
    -1.1119200934091475e-01 -1.9339388704624132e-02
    -9.2038825059424616e-03 -1.6942666686423621e+02
    -2.0508903965665334e+02 1.3174984537126966e+03
    -8.4575416667733871e-01 -6.2639146271479540e-02
    -9.3120467203645640e-03 -1.2890067802933274e+02
    -2.9226085961383347e+02 1.4407712419459735e+03
    1.0138117577796674e-02 2.5574744858951021e-02
    -1.8497077483079626e-02 -1.3848358923539595e+02
    -1.9792639896407039e+02 9.1828464246583098e+02
    -9.8878715703997444e-01 3.6321143685719515e-01
    7.1122595897667240e-01 9.4832046081998698e+01
    -1.5890038645309147e+02 1.7824832609840689e+03
    -9.8105705028317913e-01 3.4206115961525413e-01
    6.4304883638406563e-01 1.7696383787054106e+02
    -1.5759364159465213e+02 1.7968858945883187e+03
    -3.0117873120355537e-01 -1.5772742711088303e-01
    -7.6259126416046530e-01 -5.9043554416187260e+02
    -5.5182538925710605e+02 2.3095045530771940e+03</data></Extrinsic_Parameters>
<Image_points type_id="opencv-matrix">
  <rows>14</rows>
  <cols>48</cols>
  <dt>"2f"</dt>
  <data>
    1.47090674e+03 1.81775964e+03 1.54556421e+03 1.83633960e+03
    1.60882422e+03 1.85887646e+03 1.68737781e+03 1.88079944e+03
    1.75444788e+03 1.90360706e+03 1.83040491e+03 1.92611707e+03
    1.42801135e+03 1.84165076e+03 1.49011401e+03 1.86298694e+03
    1.56643164e+03 1.88511841e+03 1.63255774e+03 1.90678870e+03
    1.71273901e+03 1.93010986e+03 1.78254346e+03 1.95327380e+03
    1.37029431e+03 1.86693323e+03 1.44511316e+03 1.88932166e+03
    1.50949170e+03 1.91202661e+03 1.58762341e+03 1.93427100e+03
    1.65682153e+03 1.95833582e+03 1.72727393e+03 1.98349976e+03
    1.32432568e+03 1.89265137e+03 1.38669885e+03 1.91559900e+03
    1.46415112e+03 1.93936218e+03 1.53090771e+03 1.96206226e+03
    1.61039661e+03 1.98689258e+03 1.68333374e+03 2.01019592e+03
    1.26296118e+03 1.91990588e+03 1.33833447e+03 1.94329517e+03
    1.40383606e+03 1.96680530e+03 1.48223975e+03 1.99065552e+03
    1.55286804e+03 2.01601685e+03 1.63043896e+03 2.04093872e+03
    1.21133130e+03 1.94646423e+03 1.27595068e+03 1.97092627e+03
    1.35319421e+03 1.99486292e+03 1.42178772e+03 2.01995630e+03
    1.50164062e+03 2.04568774e+03 1.57647876e+03 2.07154932e+03
    1.14796167e+03 1.97412317e+03 1.22322327e+03 1.99813293e+03
    1.29067029e+03 2.02346606e+03 1.36831787e+03 2.04966089e+03
    1.44127710e+03 2.07648291e+03 1.52454114e+03 2.10309937e+03
    1.09243481e+03 2.00172180e+03 1.15804028e+03 2.02643738e+03
    1.23379272e+03 2.05234131e+03 1.30562952e+03 2.08022217e+03
    1.38654553e+03 2.10792065e+03 1.46239465e+03 2.13615381e+03
    6.64525146e+02 2.14046387e+03 6.78007996e+02 2.07959351e+03
    6.94205994e+02 2.00391418e+03 7.06436401e+02 1.94651282e+03
    7.22215698e+02 1.87231787e+03 7.33679871e+02 1.81865247e+03
    7.44765381e+02 2.15677026e+03 7.60104736e+02 2.08026758e+03
    7.71758850e+02 2.02028308e+03 7.86982239e+02 1.94563562e+03
    7.98671814e+02 1.89012280e+03 8.13737183e+02 1.81730273e+03
    8.28298950e+02 2.15738574e+03 8.32535034e+02 2.08782275e+03
    8.54122681e+02 2.01879907e+03 8.64975464e+02 1.96220032e+03
    8.73932495e+02 1.89295837e+03 8.81641968e+02 1.82489966e+03
    9.01069946e+02 2.16282056e+03 9.21461670e+02 2.09585669e+03
    9.32212097e+02 2.03508533e+03 9.45455444e+02 1.96127734e+03
    9.49423218e+02 1.89481665e+03 9.68464905e+02 1.83156335e+03
    9.89601807e+02 2.17251782e+03 9.96723877e+02 2.10628760e+03
    1.01399329e+03 2.03511121e+03 1.01666785e+03 1.96778833e+03
    1.03611633e+03 1.90306836e+03 1.03806543e+03 1.83845166e+03
    1.06951819e+03 2.18584497e+03 1.08248840e+03 2.11075781e+03
    1.09175439e+03 2.04869067e+03 1.10290820e+03 1.97564111e+03
    1.11261108e+03 1.91612915e+03 1.12361536e+03 1.84496533e+03
    1.15351123e+03 2.18752637e+03 1.16186658e+03 2.12474927e+03
    1.17317908e+03 2.04812915e+03 1.17473779e+03 1.98156628e+03
    1.19174060e+03 1.91515637e+03 1.19968848e+03 1.85923511e+03
    1.23369153e+03 2.20129688e+03 1.24334741e+03 2.12523584e+03
    1.24482764e+03 2.05483911e+03 1.26064722e+03 1.98846875e+03
    1.26761523e+03 1.92728076e+03 1.27789417e+03 1.85780444e+03
    7.82351135e+02 2.73142041e+03 7.98469238e+02 2.49723120e+03
    8.14719055e+02 2.26677222e+03 8.31607544e+02 2.04235718e+03
    8.45758301e+02 1.82000684e+03 8.58334229e+02 1.60274829e+03
    9.43334167e+02 2.73602588e+03 9.56990112e+02 2.51167920e+03
    9.70937439e+02 2.29165698e+03 9.84217102e+02 2.07678882e+03
    9.96988281e+02 1.86413965e+03 1.01029547e+03 1.65564148e+03
    1.09163684e+03 2.73990234e+03 1.10168494e+03 2.52513818e+03
    1.11434277e+03 2.31359375e+03 1.12566956e+03 2.10824927e+03
    1.13743555e+03 1.90387183e+03 1.15021472e+03 1.70340869e+03
    1.22733887e+03 2.74383984e+03 1.23718188e+03 2.53782666e+03
    1.24654932e+03 2.33435278e+03 1.25635217e+03 2.13735718e+03
    1.26655554e+03 1.94054919e+03 1.27921753e+03 1.74757361e+03
    1.35372803e+03 2.74785791e+03 1.36050623e+03 2.54963696e+03
    1.37053577e+03 2.35431030e+03 1.37807214e+03 2.16381592e+03
    1.38738135e+03 1.97420471e+03 1.39801758e+03 1.78873523e+03
    1.46773779e+03 2.75188940e+03 1.47568005e+03 2.56082056e+03
    1.48336743e+03 2.37205200e+03 1.49121655e+03 2.18846021e+03
    1.49882422e+03 2.00552136e+03 1.50865540e+03 1.82639880e+03
    1.57837720e+03 2.75578467e+03 1.58419519e+03 2.57161255e+03
